32 // space
00000000
00000000
00000000
00000000
00000000
00000000
00000000
00000000

33 // !
00000000
00011000
00011000
00011000
00011000
00011000
00000000
00011000

34 // "
00001010
00001010
00000000
00000000
00000000
00000000
00000000
00000000

35 // #
00100100
00100100
11111111
00100100
00100100
11111111
00100100
00100100

36 // $
00111111
01001000
10001000
01111100
00010010
00100001
00100010
11111100

37 // %
00000001
01000010
00000100
00001000
00010000
00100000
01000010
10000000

38 // &
00011000
00100100
00100100
00011000
00101000
01000100
10000110
01111001

39 // '
00000100
00000100
00000000
00000000
00000000
00000000
00000000
00000000

40 // )
00001100
00000010
00000001
00000001
00000001
00000001
00000010
00001100

41 // )
00110000
01000000
10000000
10000000
10000000
10000000
01000000
00110000

42 // *
00000000
10010010
01010100
00111000
11111110
00111000
01010100
10010010

43 // +
00000000
00010000
00010000
00010000
11111110
00010000
00010000
00010000

44 // ,
00000000
00000000
00000000
00000000
00000000
00000110
00000010
00000100

45 // -
00000000
00000000
00000000
00000000
00000000
00111100
00000000
00000000

46 // .
00000000
00000000
00000000
00000000
00000000
00000000
00000110
00000110

47 // /
00000001
00000010
00000100
00001000
00010000
00100000
01000000
10000000

48 // 0
00111100
01000010
10000101
10001001
10010001
10100001
01000010
00111100

49 // 1
00001100
00010100
00000100
00000100
00000100
00000100
00000100
00111110

50 // 2
00111100
01000010
01000010
00000100
00001000
00010000
00100000
01111110

51 // 3
01111110
00000001
00000001
00111110
00000001
00000001
00000001
01111110

52 // 4
10000010
10000010
10000010
11111111
00000010
00000010
00000010
00000010

53 // 5
11111110
10000000
11111100
00000010
00000001
00000001
00000010
11111100

54 // 6
00111110
01100001
10000000
10000000
11111110
10000001
10000001
01111100

55 // 7
11111111
00000001
00100010
00010100
00001000
00010100
00100010
01000000

56 // 8
00111100
01000010
10000001
10000001
01111110
10000001
10000001
01111110

57 // 9
00111100
01000010
10000001
10000001
01111110
00000001
00000001
01111110

58 // :
00000000
00010000
00000000
00000000
00000000
00000000
00010000
00000000

59 // 
00000000
00010000
00000000
00000000
00000000
00000000
00010000
00100000

60 // <
00000000
00000011
00001100
00110000
11000000
00110000
00001100
00000011

61 // =
00000000
00000000
00000000
01111110
00000000
00000000
01111110
00000000

62 // >
00000000
11000000
00110000
00001100
00000011
00001100
00110000
11000000

63 // ?
0011110
01000010
10000001
10000001
00000110
00001000
00000000
00001000

64 // @
01111110
10000001
10000101
10011101
10100111
10011010
10000000
01111111

65 // A
00111100
01000010
10000001
11111111
10000001
10000001
10000001
10000001

66 // :
11111100
10000010
10000001
11111110
10000001
10000001
10000001
11111110

67 // :
00111111
01000000
10000000
10000000
10000000
10000000
01000000
00111111

68 // :
11111100
10000010
10000001
10000001
10000001
10000001
10000010
11111100

69 // :
11111110
10000000
10000000
11111000
10000000
10000000
10000000
11111110

70 // :
11111110
10000000
10000000
11111000
10000000
10000000
10000000
10000000

71 // :
00111100
01000000
10000000
10001111
10001001
10000001
01000010
00111100

72 // :
10000001
10000001
10000001
11111111
10000001
10000001
10000001
10000001

73 // :
11111111
00010000
00010000
00010000
00010000
00010000
00010000
11111111

74 // :
11111111
00000010
00000010
00000010
00000010
01000010
01000100
00111000

75 // :
10000100
10001000
10010000
11100000
10010000
10001000
10000100
10000010

76 // :
10000000
10000000
10000000
10000000
10000000
10000000
10000000
11111111

77 // :
10000001
11000011
10100101
10011001
10000001
10000001
10000001
10000001

78 // :
10000001
11000001
10100001
10010001
10001001
10000101
10000011
10000001

79 // :
00111100
01000010
10000001
10000001
10000001
10000001
01000010
00111100

80 // :
11111100
10000010
10000001
11111110
10000000
10000000
10000000
10000000

81 // :
00111100
01000010
10000001
10000001
10000001
10000101
01000010
00111101

82 // :
11111100
10000010
10000001
11111110
10000100
10000010
10000010
10000010

83 // :
00111111
01000000
10000000
01111100
00000010
00000001
00000010
11111100

84 // :
11111111
00010000
00010000
00010000
00010000
00010000
00010000
00010000

85 // :
10000001
10000001
10000001
10000001
10000001
10000001
01000010
00111100

86 // :
10000001
10000001
01000010
01000010
00100100
00100100
00011000
00011000

87 // :
10000001
10000001
10000001
10000001
10011001
10100101
11000011
10000001

88 // :
11000011
01000010
00100100
00011000
00011000
00100100
01000010
11000011

89 // :
10000001
01000001
00100010
00010100
00001000
00010000
00100000
01000000

90 // :
11111111
00000001
00000010
00000100
00001000
00010000
01100000
11111111

91 // :
11111000
10000000
10000000
10000000
10000000
10000000
10000000
11111000

92 // :
10000000
01000000
00100000
00010000
00001000
00000100
00000010
00000001

93 // :
00011111
00000001
00000001
00000001
00000001
00000001
00000001
00011111

94 // :
00100000
01010000
10001000
00000000
00000000
00000000
00000000
00000000

95 // :
00000000
00000000
00000000
00000000
00000000
00000000
00000000
11111110

96 // :
10000000
01000000
00000000
00000000
00000000
00000000
00000000
00000000

97 // a
00000000
00000000
01111100
00000010
01111111
10000001
10000011
011111101

98 // b
00000000
10000000
10000000
10000000
11111110
10000001
10000001
11111110

99 // c
00000000
00000000
00111100
01000000
10000000
10000000
01000000
00111100

100 // d
00000000
00000001
00000001
00000001
01111111
10000001
10000001
01111111

101 // e
00000000
00000000
01111110
10000001
11111110
10000000
10000000
01111110

102 // f
00000000
00000000
00011100
00100000
00100000
01111000
00100000
00100000

103 // g
00000000
00000000
01111110
10000001
01111111
00000001
00000001
01111110

104 // h
00000000
00000000
10000000
10000000
10000000
11110000
10001000
10001000

105 // i
00000000
00000000
00000000
00010000
00000000
00010000
00010000
00010000

106 // j
00000000
00000000
00000000
00001000
00000000
00001000
01001000
00110000

107 // k
00000000
00000000
10010000
10100000
11000000
10100000
10010000
10001000

108 // l
00000000
00000000
10000000
10000000
10000000
10000000
01000000
00110000

109 // m
00000000
00000000
10110110
11001001
10000001
10000001
10000001
10000001

110 // n
00000000
00000000
10111110
11000001
10000001
10000001
10000001
10000001

111 // o
00000000
00000000
00000000
00000000
01111110
10000001
10000001
01111110

112 // p
00000000
00000000
10111110
11000001
11111110
10000000
10000000
10000000

113 // q
00000000
00000000
01111101
10000011
01111111
00000001
00000001
00000001

114 // r
00000000
00000000
10111110
11000001
10000000
10000000
10000000
10000000

115 // s
00000000
00000000
00000000
01111110
10000000
01111110
00000001
01111110

116 // t
00000000
00000000
00100000
01110000
00100000
00100000
00100000
00011100

117 // u
00000000
00000000
10000001
10000001
10000001
10000001
10000011
01111101

118 // v
00000000
00000000
10000010
10000010
10000010
01000100
00101000
00010000

119 // w
00000000
00000000
10000001
10000001
10000001
01010010
00100100
00100100

120 // x
00000000
00000000
01000100
00101000
00010000
01001000
01000100
01000010

121 // y
00000000
00000000
10000001
10000001
01111111
00000001
00000010
00111100

122 // z
00000000
00000000
11111111
00000011
00001100
00110000
11000000
11111111

123 // {
00000111
00001000
00010000
11100000
11100000
00010000
00001000
00000111

124 // |
00011000
00011000
00011000
00011000
00011000
00011000
00011000
00011000

125 // }
11100000
00010000
00001000
00000111
00000111
00001000
00010000
11100000

126 // ~
00000000
00000000
00000000
00010001
00101010
01000100
00000000
00000000

127 // :
00000000
00000000
00000000
00000000
00000000
00000000
00000000
00000000
